0 250.000000 5.000000 100.000000
1 10.000000 199.000000 102.000000
2 184.000000 8.000000 224.000000
3 12.000000 146.000000 225.000000
4 95.000000 10.000000 274.000000
5 24.000000 75.000000 275.000000
6 57.000000 19.000000 293.000000
7 33.000000 45.000000 296.000000
8 43.000000 26.000000 305.000000
9 35.000000 34.000000 309.000000
10 38.000000 28.000000 315.000000
11 35.000000 30.000000 319.000000
12 35.000000 28.000000 323.000000
13 33.000000 28.000000 327.000000
14 33.000000 26.000000 331.000000
15 32.000000 26.000000 334.000000
16 32.000000 25.000000 337.000000
17 31.000000 25.000000 340.000000
18 30.000000 25.000000 342.000000
19 30.000000 24.000000 344.000000
20 30.000000 24.000000 346.000000
21 29.000000 24.000000 348.000000
22 29.000000 23.000000 350.000000
23 29.000000 23.000000 352.000000
24 28.000000 23.000000 354.000000
25 28.000000 22.000000 356.000000
26 27.000000 22.000000 357.000000
27 28.000000 21.000000 358.000000
28 27.000000 22.000000 359.000000
29 27.000000 21.000000 360.000000
30 27.000000 21.000000 361.000000
31 27.000000 21.000000 362.000000
32 26.000000 21.000000 363.000000
33 26.000000 21.000000 364.000000
34 26.000000 21.000000 365.000000
35 26.000000 21.000000 366.000000
36 26.000000 21.000000 367.000000
37 26.000000 21.000000 368.000000
38 25.000000 21.000000 369.000000
39 25.000000 20.000000 370.000000
40 25.000000 20.000000 371.000000
41 25.000000 20.000000 372.000000
42 25.000000 20.000000 373.000000
43 24.000000 20.000000 374.000000
44 25.000000 19.000000 375.000000
45 24.000000 20.000000 375.000000
46 24.000000 19.000000 376.000000
47 24.000000 19.000000 376.000000
48 24.000000 19.000000 376.000000
49 24.000000 19.000000 376.000000
50 24.000000 19.000000 376.000000
51 24.000000 19.000000 376.000000
52 24.000000 19.000000 376.000000
53 24.000000 19.000000 376.000000
54 24.000000 19.000000 376.000000
55 24.000000 19.000000 376.000000
56 24.000000 19.000000 376.000000
57 24.000000 19.000000 376.000000
58 24.000000 19.000000 376.000000
59 24.000000 19.000000 376.000000
60 24.000000 19.000000 376.000000
61 24.000000 19.000000 376.000000
62 24.000000 19.000000 376.000000
63 24.000000 19.000000 376.000000
64 24.000000 19.000000 376.000000
65 24.000000 19.000000 376.000000
66 24.000000 19.000000 376.000000
67 24.000000 19.000000 376.000000
68 24.000000 19.000000 376.000000
69 24.000000 19.000000 376.000000
70 24.000000 19.000000 376.000000
71 24.000000 19.000000 376.000000
72 24.000000 19.000000 376.000000
73 24.000000 19.000000 376.000000
74 24.000000 19.000000 376.000000
75 24.000000 19.000000 376.000000
76 24.000000 19.000000 376.000000
77 24.000000 19.000000 376.000000
78 24.000000 19.000000 376.000000
79 24.000000 19.000000 376.000000
80 24.000000 19.000000 376.000000
81 24.000000 19.000000 376.000000
82 24.000000 19.000000 376.000000
83 24.000000 19.000000 376.000000
84 24.000000 19.000000 376.000000
85 24.000000 19.000000 376.000000
86 24.000000 19.000000 376.000000
87 24.000000 19.000000 376.000000
88 24.000000 19.000000 376.000000
89 24.000000 19.000000 376.000000
90 24.000000 19.000000 376.000000
91 24.000000 19.000000 376.000000
92 24.000000 19.000000 376.000000
93 24.000000 19.000000 376.000000
94 24.000000 19.000000 376.000000
95 24.000000 19.000000 376.000000
96 24.000000 19.000000 376.000000
97 24.000000 19.000000 376.000000
98 24.000000 19.000000 376.000000
99 24.000000 19.000000 376.000000
